
       
                  a
       99   9999999999999
       9                9
  P    9                9
       99999999999    999
       9                9  
       9 P    a         9
       99999999999      9
       9                9
   d   9                9
       999    99999999999
 e     9                9
       9                911111
       9                911111
       99999999999      911111
       9 X              922222
       9     P          922222
       99999999999999999922222
                        333333
                        333333         
     c                  333333
                        333333
                  111222333333
                  111222333333
                  111222333333
                        333333
             c          333333
                        333333
                        333333
                        333333
                        333333 
        1112223333333333333333                   
99      9112223333333333333333
 9      9112223333333333333333
99      9999999999999999999999
              11122233333339
 b            11122233333339
9999999999999999999999933339
                      933339
                      933339
                P     933339         
                      933339
                 99999933339
                 11122233339
          a      11122233339
                 11122233339
              9999999999999999
              9    



                 b

22222         2222222222222222
    2         2             
   P2         2        P
    2         2   c        e
    2         2