8888888999999999998888888888888
8     8            8          8 
8     8            8          8
8     8            8          8 
8     8            8          8 
8     8            8          8 
8     8     8      8      8   8 
8     8     8      8      8   8 
8     8111118      8      8   8 
8     8222228      8      8   8 
81    8333338      8      8   8 
81    8222228      8      8   8 
8111118111118      8      8   8 
8222218     8      8      8   8 
83333318     8      8      8   8 
84444418     8      8      8   8 
83333338     8      8      8   8 
82222228     8      8      8   8 
81111118     8      8      8   8 
8   1118     8      8      8   8 
8    18     8      8      8   8 
8    18     8      8      8   8 
8     8     8      8      8   8 
8     8     8      8      8   8 
8     8     8      8      8   8 
8           8             8   8 
8           8           888   8 
8           8           8     8 
8           8           8     8 
8           8           8     8
8888888888888999999999888888888